in_chunk_0_0_0_5.data
idx_offset, idx_length 88968 172

data [(72057594373472256,    20, 67812) (72057594440581120, 67832,  4996)
 (72057663092948992, 72828,  5828) (72057663160057856, 78656,   160)
 (72127963117649920, 78816,  9468) (72127963184758784, 88284,   264)
 (72128031837126656, 88548,   420)]
chunk (72128031837126656, 88548, 420)
payload_data [(72128031837126658, 72128031837132134, 0., 0, 0., 0, 0.00270904, 1)
 (72128031837132134, 72128031837132168, 0., 0, 0., 0, 0.00128467, 1)
 (72128031837132168, 72128031837132673, 0., 0, 0., 0, 0.00070011, 1)
 (72128031837132673, 72128031837133907, 0., 0, 0., 0, 0.01831381, 1)
 (72128031837133907, 72128031837135736, 0., 0, 0., 0, 0.00606417, 1)
 (72128031837135061, 72128031837136391, 0., 0, 0., 0, 0.00234451, 2)
 (72128031837135736, 72128031837136973, 0., 0, 0., 0, 0.00275907, 1)
 (72128031837135061, 72128031837136973, 0., 0, 0., 0, 0.00245559, 1)]


between_chunks_0_0_1_2.data
idx_offset, idx_length 13936 260

data [([72057662891622400, 72057662958731264],    20, 5204)
 ([72057662891622400, 72057731611099136],  5224, 4684)
 ([72057662891622400, 72128031635800064],  9908, 2812)
 ([72057662958731264, 72057731678208000], 12720,  212)
 ([72057662958731264, 72128031702908928], 12932,  160)
 ([72057731611099136, 72057731678208000], 13092,  316)
 ([72128031635800064, 72128031702908928], 13408,  472)
 ([72128100355276800, 72128100422385664], 13880,   56)]
chunk ([72128100355276800, 72128100422385664], 13880, 56)
payload_data [(72128100355286233, 72128100422385668, 0., 0, 0., 0, 0.00838339, 1)]


fake_0_0_0_0.data
idx_offset, idx_length 2664 356

data [([72057594037927936, 72057594105036800],   20, 316)
 ([72057594037927936, 72057662757404672],  336, 732)
 ([72057594037927936, 72127962782105600], 1068, 732)
 ([72057594105036800, 72057662824513536], 1800,  56)
 ([72057594105036800, 72127962849214464], 1856,  56)
 ([72057662757404672, 72057662824513536], 1912,  56)
 ([72057662757404672, 72128031501582336], 1968, 264)
 ([72057662824513536, 72128031568691200], 2232,  56)
 ([72127962782105600, 72127962849214464], 2288,  56)
 ([72127962782105600, 72128031501582336], 2344, 264)
 ([72127962849214464, 72128031568691200], 2608,  56)]
chunk ([72127962849214464, 72128031568691200], 2608, 56)
payload_data [(72127962849214466, 72128031568691202, 0., 0, 0.60568225, 1, 0., 0)]



done_0_0_6_1.data
idx_offset, idx_length 376 28

index_data [(72058006421897216, 20, 356)]

chunk (72058006421897216, 20, 356)
payload_data [72058006421906005 72058006421905913 72058006421906154 72058006421906153
 72058006421906333 72058006421906153 72058006421906895 72058006421906153
 72058006421906897 72058006421906153 72058006421907095 72058006421906894
 72058006421907096 72058006421907596 72058006421907097 72058006421906153
 72058006421907219 72058006421906153 72058006421907301 72058006421907596
 72058006421907370 72058006421905504 72058006421907371 72058006421907596
 72058006421907373 72058006421907596 72058006421907478 72058006421905504
 72058006421907479 72058006421907596 72058006421907598 72058006421907372
 72058006421907668 72058006421905504 72058006421907706 72058006421905504
 72058006421907707 72058006421907877 72058006421907938 72058006421907877
 72058006421908013 72058006421907877 72058006421908136 72058006421907877]